# Sat 21:08:22 19-Jan-2019
begin	ecidentify thar-016_zfa
	id	thar-016_zfa
	task	ecidentify
	image	thar-016_zfa
	units	angstroms
	features	14
		 12   88   625.91  6460.94726   6457.2824   4.0  1  1
		 12   88  1462.52  6415.13126   6416.3071   4.0  1  1
		 14   86   947.74  6545.36996   6591.4845   4.0  1  1
		 14   86  1099.07  6633.12659    6583.906   4.0  1  1
		 16   84   860.94  6564.40454   6752.8335   4.0  1  0
		 18   82   471.88  5956.10154   5937.6634   4.0  1  1
		 18   82   981.50  6864.03431   6911.2264   4.0  1  1
		 18   82  1732.16  6853.07029   6871.2891   4.0  1  1
		 20   80  1291.69  7137.44502   7067.2181   4.0  1  1
		 22   78   848.46  7238.78332   7272.9359   4.0  1  1
		 22   78   989.85  7268.43925   7265.1724   4.0  1  1
		 23   77   547.84  7363.70059   7383.9805   4.0  1  1
		 23   77   763.06  7431.94686   7372.1184   4.0  1  1
		 23   77  1101.03   7315.7775    7353.293   4.0  1  1
	offset	100
	slope	-1
	niterate 5
	lowreject 2.
	highreject 2.
	coefficients	17
		1.
		3.
		3.
		1.
		1.
		2048.
		60.
		99.
		722749.0685228056
		-624576.225458828
		148921.0889539717
		-54057.80270314392
		478817.692842855
		-50838.883274597
		217837.0655669861
		-663270.2132907729
		210537.2032796507

